414,218,blue
